24690 216 24087 3543
11196 504 11512 1824
17193 504 17400 1016
18567 576 18778 1892
20397 597 20466 2403
31233 750 31374 813
31233 750 31017 816
31920 756 32420 756
31920 756 31918 1114
31374 813 31443 960
31017 816 30984 966
31443 960 31440 1860
3804 1017 3587 1799
20550 1404 21060 1977
11364 1896 11388 2424
21060 1977 21236 2583
17814 2040 18128 3060
20466 2403 20738 5261
7497 2463 7175 3701
11670 2484 12207 3783
20496 2523 21153 3564
4494 2787 3750 4917
3153 3363 2487 5046
24087 3543 23527 5185
11397 3753 10998 4012
12207 3783 12549 4214
11157 4194 11910 4473
11157 4194 10980 4367
11100 4344 11766 4857
11910 4473 12218 5012
10200 4530 8814 5910
4737 4710 5129 5102
4737 4710 4323 6054
10626 4713 10545 5052
11766 4857 12333 5823
3750 4917 3758 5329
10353 4920 10051 5099
2487 5046 2269 5464
13233 5076 13567 5616
18756 5100 19488 6702
16590 5247 16908 6513
16590 5247 15747 7956
10197 5520 8397 6658
10140 5664 10221 5686
10140 5664 10022 5995
12333 5823 12551 6425
5913 5886 7140 6993
13734 5886 13766 6036
23247 6006 21973 8044
4323 6054 4105 7494
12834 6090 13214 6508
13830 6336 14068 6475
13044 6447 13384 7007
9786 6657 9643 6867
13404 6717 14154 7197
12660 6726 12742 7184
14544 6753 15150 7355
7140 6993 8463 7794
17067 7146 16614 8640
9357 7287 8880 7824
13554 7287 14002 7907
16374 7353 16254 7713
12783 7413 13554 8043
19854 7503 19914 7974
15453 7656 15756 9030
8880 7824 8214 8856
13554 8043 14454 8880
10620 8046 10822 8083
10620 8046 10368 8083
12060 8103 13356 8187
12060 8103 10960 8285
9864 8157 9564 8388
13356 8187 14154 8640
3996 8214 3994 9820
14226 8217 14362 8510
10410 8376 9914 8812
13986 8397 14365 8738
16407 8580 15756 9030
16614 8640 15714 10197
8214 8856 7904 9326
21330 9006 21131 9252
9666 9030 8916 10410
15123 9420 15260 9630
8463 9480 8440 9692
20733 9744 20149 10232
15246 9996 15640 10750
15534 10050 16077 10623
8394 10116 8156 10628
7284 10266 6926 10833
8916 10410 8786 10932
19857 10476 18981 10748
3993 10623 3777 11640
16077 10623 16623 11406
8037 10884 7808 11206
18543 10884 17961 11145
12114 11010 12605 11031
12114 11010 11394 11248
13587 11073 13868 11264
15837 11127 16195 11887
954 11163 1125 11331
16623 11406 16781 11805
3777 11640 3679 12082
1467 11667 2037 12054
7350 11850 6927 13056
12393 11964 13557 12087
12393 11964 11313 12210
6210 11967 5850 12873
2037 12054 2439 12360
12312 12069 12304 12207
12702 12087 12714 12139
13074 12087 13060 12130
13557 12087 14364 12480
13380 12105 13389 12285
9474 12114 9514 12722
15078 12132 15705 12840
13704 12147 13644 12297
11313 12210 10755 12594
11664 12222 11655 12384
11889 12225 11868 12345
16374 12267 16594 13171
13500 12294 13644 12297
13500 12294 13082 12298
12873 12300 12602 12338
3630 12303 4092 12912
3846 12393 3354 12543
11097 12396 11394 12537
12060 12414 11616 12496
13080 12444 13584 12537
13080 12444 12791 12496
14364 12480 14826 12783
2640 12513 2878 12523
13584 12537 13836 12633
13023 12549 13027 12793
13572 12576 13583 12698
12213 12600 11364 12693
13884 12603 13894 12827
17097 12603 17257 13165
13836 12633 14196 12633
14196 12633 14487 12753
7713 12657 7641 12777
11859 12675 11895 13185
12357 12678 12375 13083
11364 12693 11244 12701
11373 12705 11356 12881
11004 12717 10794 12810
14487 12753 14489 12833
16266 12777 16213 13029
14826 12783 15033 13080
10476 12786 9837 13293
10710 12894 10718 13108
10374 12996 10368 13086
7497 13017 7498 13160
13176 13026 13800 13134
13176 13026 12975 13072
6927 13056 6980 13774
14334 13074 15033 13080
14334 13074 14156 13094
12573 13164 11763 13377
9900 13296 10160 13372
11067 13317 11763 13377
11067 13317 10808 13348
5670 13326 5662 13565
17337 13446 17610 13713
13086 13644 13082 13754
9690 13653 9942 13832
17610 13713 17650 13863
4869 13881 4098 14160
5493 14034 5667 14376
5646 14043 5535 14143
17280 14103 17184 14574
5016 14130 5115 14201
4098 14160 4105 14347
17730 14163 17976 15207
13650 14244 13751 14256
13650 14244 13552 14263
13953 14280 14054 14348
13356 14301 13225 14411
13161 14394 13011 14442
14379 14460 14586 14523
14379 14460 14327 14461
12936 14466 12813 14514
14256 14484 14409 14754
14586 14523 14596 14601
5754 14547 5727 14669
12567 14610 12246 14769
12963 14631 12567 14839
16854 14664 17673 14880
16854 14664 16200 14708
10314 14703 10944 15237
4119 14721 3990 15810
15873 14730 15096 14874
5217 14754 5319 14767
5217 14754 4854 14916
14409 14754 14586 14787
14790 14757 14773 14971
14790 14757 14586 14787
12246 14769 12066 14919
5523 14793 5631 14910
11991 14859 12117 14887
11991 14859 11893 14916
15096 14874 14553 15477
17673 14880 18073 15478
4854 14916 4735 15122
17187 14916 17257 15193
11697 15030 11523 15444
5283 15303 5157 15523
5946 15303 6032 15581
10620 15360 11514 15474
10620 15360 10258 15388
14739 15399 14489 16027
9534 15444 8996 15708
11514 15474 11858 15834
14553 15477 14327 16043
17880 15510 17861 15748
4497 15534 4315 16116
17397 15747 17418 16070
18273 15777 18343 16156
3990 15810 3764 16522
8727 15840 8280 16554
12030 16014 12513 16653
18342 16029 18900 16974
5637 16056 5610 16295
5637 16056 5343 16314
6204 16137 6210 16503
4746 16206 4666 16784
17823 16224 17394 16233
14214 16326 14136 16742
14364 16341 14312 16741
4224 16407 4194 17223
15699 16521 16329 16563
15699 16521 15535 16574
8280 16554 8269 16916
12513 16653 12807 17244
15207 16680 14754 16920
12312 16707 12525 17277
17460 16716 17556 18096
6363 16776 6456 17538
6363 16776 5523 17709
3651 16878 3508 16968
16653 16887 16866 16929
16653 16887 16533 16900
18483 16914 18327 17574
16293 16926 16033 16956
16866 16929 16377 17367
14286 16941 14277 17556
14097 16950 14120 17220
18900 16974 18936 17227
10947 17007 11086 17066
10947 17007 10269 17064
15513 17016 14847 17241
15729 17031 15785 17070
10269 17064 10115 17147
4626 17073 4633 17320
3222 17148 3155 17208
15897 17148 15898 17246
14499 17220 14847 17241
14499 17220 14334 17376
4194 17223 4167 17826
18408 17223 18506 17268
15459 17229 15660 17229
15459 17229 15294 17325
15660 17229 15683 17273
12807 17244 12817 17448
12525 17277 12519 18024
14631 17289 14583 17445
14631 17289 14403 17415
15105 17289 15089 17334
18318 17295 18046 17333
15294 17325 15294 17358
3021 17328 2968 17563
18702 17358 18705 17502
15729 17361 15642 17499
14367 17367 14709 17559
16377 17367 16228 17429
17355 17376 17257 17684
17355 17376 16908 17601
15057 17424 15109 17478
15294 17424 15380 17508
14451 17481 14487 17495
18705 17502 18239 17584
15567 17517 15519 17528
6456 17538 6924 17868
15930 17553 15722 17579
14277 17556 14300 17852
10554 17559 11307 17574
10554 17559 9801 17640
14709 17559 15306 17631
11307 17574 11697 17661
18327 17574 18171 17840
16908 17601 16466 17775
18006 17625 17475 17733
8247 17640 8283 18324
9801 17640 9641 17647
10668 17652 10908 17688
10668 17652 10616 17717
11697 17661 11719 17737
11091 17667 11223 17777
10908 17688 10956 17751
9309 17703 9759 17973
5523 17709 4893 18219
10434 17709 10437 17801
11715 17712 11683 17755
11715 17712 11667 17728
14097 17730 14460 18114
19008 17733 19090 17836
17055 17751 16768 17878
11571 17760 11607 17868
14166 17760 13955 17820
15549 17811 16245 17862
15549 17811 14844 18195
4167 17826 4147 18506
11289 17832 11208 17988
17208 17838 16862 18096
10512 17847 10662 17976
6924 17868 7022 18566
11052 17877 11009 17923
12846 17886 13533 17940
12846 17886 12706 18083
11763 17889 11496 18054
17013 17919 16800 18022
9759 17973 10167 18057
18093 17973 17872 18092
2862 18033 3084 18487
19254 18042 19533 18723
11496 18054 11345 18076
10371 18099 10595 18106
14460 18114 14943 18513
15660 18117 16194 18132
15660 18117 15384 18229
14901 18138 14641 18420
16689 18225 16125 18403
16374 18228 16152 18259
17652 18306 17775 19188
11853 18312 12414 18381
11853 18312 10785 18525
8283 18324 8619 18672
17430 18330 16494 18510
12414 18381 12478 18450
4578 18474 4216 18854
12426 18477 11697 19023
15843 18492 15530 18556
16494 18510 16235 18521
14943 18513 15459 18533
10785 18525 10195 18555
11565 18543 11721 18566
11565 18543 11241 18639
14511 18561 14773 18643
9900 18570 9728 18639
12606 18588 12297 18780
8337 18603 8420 18616
8337 18603 8355 18819
8364 18609 8112 18619
10284 18636 11079 18687
7608 18639 7300 18765
11928 18654 10962 18789
3195 18714 3247 18968
9855 18717 10962 18789
19533 18723 19611 20040
9372 18732 9678 18874
12297 18780 11775 18904
11715 18804 11282 18841
8355 18819 8835 18828
8787 18846 9036 18985
8295 18858 8130 18860
7800 18864 7595 18940
7071 18915 7638 19701
9831 18945 9990 18964
11514 18966 10308 19002
11697 19023 11041 19117
3273 19095 3079 19277
10713 19164 10320 19197
17775 19188 17811 19930
2982 19368 3022 19496
7638 19701 7693 20150
3102 19752 2748 20310
32706 20013 32484 20187
19611 20040 19356 21153
23913 20127 24963 20127
23913 20127 23761 20158
24963 20127 25386 20250
23457 20220 22467 20460
25386 20250 26400 20490
32373 20274 31975 20440
3822 20277 3983 20445
3822 20277 3386 20293
3168 20301 2969 20397
17829 20301 17619 21303
22467 20460 21993 20733
26400 20490 26924 20714
31776 20523 31584 20574
31200 20676 30930 20746
21993 20733 21594 20967
4305 20781 4316 21099
27186 20826 27843 21093
30390 20886 29754 21147
21594 20967 21338 21143
7803 21048 8317 21784
27843 21093 28527 21276
29274 21123 29754 21147
29274 21123 28527 21276
19356 21153 19458 21372
21210 21231 20754 21561
17619 21303 17244 22041
14142 21345 14721 21495
14142 21345 13594 21393
19458 21372 19389 22212
12498 21489 11432 21797
14721 21495 15798 21537
15798 21537 16668 21759
20754 21561 20115 21759
4338 21735 4516 22120
16668 21759 17244 22041
20115 21759 19509 21891
4431 21948 4035 22062
10899 21951 10146 22248
3837 22119 3591 22199
8574 22152 10146 22248
19389 22212 19212 22959
798 22215 892 22272
3099 22359 2959 22402
1080 22386 1204 22431
2679 22488 2550 22505
1452 22521 1968 22554
2292 22539 2184 22544
4872 22890 5056 23351
19212 22959 19071 23718
19071 23718 18928 23741
18642 23787 18690 24795
5424 24273 6087 25281
18690 24795 17895 26031
6087 25281 6756 26385
17895 26031 16677 26526
6756 26385 7258 26701
16677 26526 16215 26868
7509 26859 8286 27555
16215 26868 15579 26922
15579 26922 14667 27252
14667 27252 14169 27672
10605 27507 12273 27915
10605 27507 9252 27747
8286 27555 9252 27747
14169 27672 13443 28086
12273 27915 13443 28086
