26500 9996 26500 10996
23500 9997 25500 9997
23500 9997 23500 13997
24000 9997 25500 9997
17501 9998 19501 9998
17501 9998 17501 10998
18001 9998 19501 9998
20500 9999 22500 9999
20500 9999 20500 10999
21000 9999 22500 9999
14499 10000 16500 10000
15000 10000 16500 10000
16500 10000 16500 12001
26500 10496 26500 11496
23500 10497 23500 12497
17501 10498 17501 13998
20500 10499 20500 10999
16500 10500 16500 12001
26500 10996 26500 13496
23500 10997 23500 12997
17501 10998 17501 12998
20500 10999 20500 12999
26500 11496 26500 11996
23500 11497 23500 13497
17501 11498 17501 13998
20500 11499 20500 13499
17501 11993 17501 13498
20500 11994 22000 11994
20500 11994 20500 12999
26500 11996 28500 11996
26500 11996 26500 13996
27000 11996 28500 11996
28500 11996 28500 13496
23500 11997 25000 11997
23500 11997 23500 12997
14500 12001 16500 12001
14500 12001 14500 12501
15000 12001 16500 12001
26500 12496 26500 13496
28500 12496 28500 13496
23500 12497 23500 13497
17501 12498 17501 13998
20500 12499 20500 12999
14500 12501 14500 13000
26500 13996 28500 13996
27000 13996 28500 13996
23500 13997 25500 13997
24000 13997 25500 13997
20500 13999 22500 13999
21000 13999 22500 13999
14500 14000 16499 14000
15000 14000 16499 14000
11000 17995 13000 17995
11000 17995 11000 18995
11500 17995 13000 17995
13000 17995 13000 20495
9000 18003 9000 20003
11000 18495 11000 21995
13000 18495 13000 20995
9000 18503 9000 22000
11000 18995 11000 19995
13000 18995 13000 21495
9000 19003 9000 21003
11000 19495 11000 21995
13000 19495 13000 20495
9000 19503 9000 20503
11000 19995 11000 21495
13000 19995 13000 20495
9000 20003 9000 21503
11000 20495 11000 20995
13000 20495 13000 21995
9000 20503 9000 22000
11000 21995 13000 21995
11500 21995 13000 21995
8000 22000 10000 22000
8500 22000 10000 22000
4501 25999 6501 25999
4501 25999 4501 27999
5001 25999 6501 25999
6501 25999 6501 29999
1500 26001 3500 26001
1500 26001 1500 27991
2000 26001 3500 26001
3500 26001 3500 27501
4501 26495 4501 27999
6501 26499 6501 28499
1500 26501 1500 27501
3500 26501 3500 28001
4501 26995 4501 27999
6501 26999 6501 28999
1500 27001 1500 30001
4501 27499 4501 29499
6501 27499 6501 27999
1500 27501 1500 28501
1500 27991 1500 30001
4501 27999 4501 29499
6501 27999 6501 28499
2500 28001 3500 28001
2750 28001 3500 28001
4501 28499 4501 28999
6501 28499 6501 29999
1500 28501 1500 29001
4501 29999 6501 29999
5001 29999 6501 29999
1500 30001 3499 30001
2000 30001 3499 30001
